rmse_after_learn_time: .nan
rmse: 0.0232945
indiv_dim:
  full_rmse:
    s0: 0.0075566
    s1: 0.0146553
    s2: 0.0131421
    s3: 0.0099015

